0 0.7117834394904459 0.41640127388535036 0.12101910828025467 0.11305732484076436
0 0.8359872611464968 0.06528662420382166 0.11464968152866248 0.08598726114649682
0 0.7157643312101911 0.04697452229299363 0.14808917197452232 0.08439490445859872
0 0.9044585987261147 0.008757961783439492 0.09872611464968145 0.017515923566878984
0 0.8232484076433121 0.3710191082802548 0.1401273885350318 0.0891719745222931
0 0.9164012738853503 0.447452229299363 0.08757961783439484 0.0859872611464968
0 0.49363057324840764 0.43869426751592355 0.0859872611464968 0.05254777070063696
0 0.5246815286624203 0.4084394904458599 0.07165605095541401 0.049363057324840726
0 0.5883757961783439 0.43312101910828027 0.05573248407643312 0.04777070063694268
0 0.6313694267515924 0.4402866242038217 0.0334394904458599 0.027070063694267503
0 0.4299363057324841 0.4299363057324841 0.06369426751592357 0.03503184713375795
0 0.33837579617834396 0.41242038216560517 0.10031847133757964 0.06687898089171973
0 0.26910828025477707 0.4315286624203821 0.07643312101910826 0.054140127388535075
0 0.07245222929936306 0.42675159235668786 0.1003184713375796 0.05095541401273884
