0 0.8680472088675214 0.3 0.07066306089743592 0.04722222222222225
0 0.6844618055555556 0.3916666666666667 0.07759081196581206 0.05000000000000007
0 0.743347689636752 0.3652777777777778 0.056807558760683746 0.052777777777777715
0 0.6200337206196581 0.4375 0.06234975961538467 0.04722222222222228
0 0.47662927350427353 0.46875 0.04433760683760688 0.0375
0 0.4572315705128205 0.5069444444444444 0.03602430555555557 0.013888888888888857
0 0.3463875534188034 0.5583333333333332 0.06096420940170941 0.027777777777777787
0 0.2764172676282051 0.6055555555555556 0.03186765491452991 0.027777777777777787
0 0.21753138354700852 0.6097222222222222 0.04433760683760685 0.03611111111111114
0 0.17735042735042733 0.6604166666666665 0.027711004273504293 0.03194444444444443
0 0.09283186431623931 0.65 0.04433760683760684 0.033333333333333284
0 0.5653044871794872 0.47083333333333327 0.03602430555555557 0.033333333333333354
