0 0.8444928552350427 0.28125 0.02355435363247864 0.02361111111111114
0 0.9347351504542775 0.47682008425212435 0.04559683660752583 0.03880758269119724
0 0.7674033632813765 0.4229206638476839 0.029250800842563648 0.018972595982363102
0 0.6861033432924863 0.47811367034183094 0.018066671108642254 0.02069737743530517
0 0.7252477973612111 0.49191192196536776 0.024088894811523005 0.024146940341189308
0 0.8968811728933127 0.3409935448329343 0.028390483170723683 0.015523033076478896
0 0.27013974895779397 0.3181401905814515 0.03957461290464497 0.026734112520602444
0 0.32993182715068153 0.3125346508593897 0.03871429523280483 0.03966997341766817
0 0.3996175585697303 0.45353553463740603 0.028390483170723613 0.02500933106766041
0 0.18195718759418292 0.1867075922809819 0.07312700210640923 0.03708280123825507
0 0.1733540108757818 0.15134957249566897 0.059361919356967476 0.03190845687942879
0 0.2765921314965948 0.012935860897065722 0.0387142952328049 0.025871721794131445
0 0.33165246249436164 0.017679009892656486 0.035273024545444474 0.03535801978531297
0 0.8469827479265866 0.05346822504120499 0.026669847827043326 0.022422158888247248
