0 0.7543587764143687 0.40016531444343684 0.04902784569083181 0.026148184368443666
0 0.7016538422967246 0.4230449757658251 0.04821071492931793 0.026148184368443593
0 0.4667287483614887 0.4099708835816033 0.04902784569083181 0.03922227655266553
0 0.387058499113887 0.44755889861124104 0.031868099699040614 0.022879661322388146
0 0.26775740793286296 0.4279477603349083 0.035136622745096095 0.022879661322388216
0 0.315150992100667 0.42427067190809586 0.03350236122206848 0.02859957665298509
0 0.3441591341344092 0.45001029089578254 0.03595375350660994 0.027782445891471285
0 0.1307409218422182 0.4561387716071365 0.052296368736887276 0.03840514579115165
0 0.07844455310533091 0.43530193718853305 0.03758801502963771 0.014708353707249558
0 0.11480687199269785 0.41936788733901265 0.04167366883720705 0.030233838176012995
