0 0.7909722222222223 0.3159722222222222 0.07083333333333329 0.05416666666666672
0 0.5597222222222222 0.24305555555555558 0.06944444444444443 0.05833333333333332
0 0.4159722222222222 0.32013888888888886 0.07916666666666672 0.0625
0 0.26319444444444445 0.33958333333333335 0.05972222222222225 0.0625
0 0.18680555555555556 0.33055555555555555 0.05972222222222223 0.044444444444444425
0 0.14375 0.26666666666666666 0.07638888888888888 0.09166666666666667
0 0.07013888888888889 0.2777777777777778 0.0875 0.07777777777777775
0 0.0034722222222222233 0.24097222222222223 0.006944444444444447 0.0625
1 0.26875 0.5486111111111112 0.1125 0.2472222222222223
1 0.4152777777777778 0.5201388888888889 0.12777777777777785 0.20694444444444443
1 0.5736111111111111 0.4875 0.12222222222222229 0.29166666666666663
1 0.19583333333333336 0.5444444444444445 0.13055555555555556 0.2555555555555556
1 0.054166666666666675 0.5166666666666666 0.08611111111111112 0.26944444444444443
1 0.11805555555555555 0.4534722222222223 0.0638888888888889 0.20138888888888892
