0 0.7412693643162394 0.44375 0.0637353098290599 0.05972222222222221
0 0.7087089342948717 0.35 0.04572315705128204 0.05
0 0.6373530982905983 0.34861111111111115 0.04710870726495728 0.03611111111111107
0 0.5465995592948718 0.35694444444444445 0.04295205662393165 0.041666666666666644
0 0.4710870726495726 0.3965277777777778 0.04433760683760688 0.05694444444444443
0 0.3747913327991453 0.41666666666666674 0.07066306089743592 0.058333333333333355
0 0.26810396634615385 0.32430555555555557 0.05957865918803417 0.08194444444444446
0 0.10945846688034189 0.26944444444444443 0.06373530982905984 0.04444444444444447
0 0.09768129006410256 0.06736111111111111 0.07066306089743589 0.04027777777777777
0 0.2715678418803419 0.027777777777777776 0.09975961538461543 0.05277777777777778
