0 0.20222929936305734 0.3582802547770701 0.08917197452229302 0.05732484076433124
0 0.15127388535031847 0.3574840764331211 0.057324840764331204 0.03662420382165614
0 0.4235668789808918 0.3821656050955414 0.054140127388535075 0.03821656050955419
0 0.5055732484076434 0.39012738853503187 0.07484076433121026 0.05095541401273891
0 0.5955414012738853 0.3805732484076433 0.05095541401273884 0.03184713375796178
0 0.7324840764331211 0.40127388535031855 0.0668789808917198 0.05095541401273884
1 0.22531847133757965 0.552547770700637 0.1799363057324841 0.2165605095541401
1 0.40923566878980894 0.5071656050955414 0.10509554140127392 0.1512738853503185
1 0.5023885350318471 0.5477707006369427 0.12261146496815285 0.21974522292993634
1 0.6011146496815286 0.4968152866242038 0.08757961783439491 0.14649681528662412
1 0.7213375796178343 0.5286624203821656 0.13057324840764337 0.1847133757961783
1 0.17515923566878983 0.5477707006369427 0.12738853503184713 0.23566878980891715
