0 0.576388888888889 0.30972222222222223 0.1302417200854701 0.075
0 0.7606670673076923 0.3493055555555556 0.12747061965811965 0.07916666666666672
0 0.31729099893162394 0.2909722222222222 0.1357839209401709 0.12361111111111114
0 0.5791599893162394 0.0375 0.12192841880341866 0.075
0 0.32976095085470086 0.06944444444444445 0.11915731837606838 0.08888888888888889
0 0.743347689636752 0.008333333333333333 0.11777176816239304 0.016666666666666666
1 0.7745225694444444 0.44027777777777777 0.005542200854700923 0.005555555555555571
1 0.8555772569444444 0.5868055555555556 0.20367588141025636 0.3069444444444445
1 0.6304253472222221 0.6236111111111111 0.20229033119658105 0.3527777777777778
1 0.23069411057692307 0.5354166666666668 0.20367588141025636 0.34583333333333344
