0 0.8356796298002283 0.48810285352825145 0.04821071492931779 0.04412506112174874
0 0.15827822850523554 0.40924973504216355 0.0743588992977616 0.048210714929318
0 0.3662380073105138 0.4415264001219612 0.04085653807569315 0.035953753506610016
0 0.3237472077117929 0.4909628111935499 0.026148184368443593 0.023696792083901953
0 0.40300889157863773 0.46154610377905086 0.026148184368443593 0.025331053606929714
0 0.49820462529500276 0.43131226560303787 0.0335023612220683 0.025331053606929787
0 0.496570363771975 0.49831698804717467 0.028599576652985164 0.038405145791151514
0 0.5766491784003337 0.4415264001219612 0.03840514579115165 0.021245399799360454
0 0.6452881623674983 0.4296780040800103 0.026965315129957475 0.020428269037846506
0 0.5917660974883403 0.42477521951092695 0.03105096893752673 0.026965315129957475
