0 0.5541666666666667 0.09027777777777779 0.10833333333333328 0.05833333333333334
0 0.6479166666666667 0.11597222222222221 0.07361111111111114 0.07916666666666666
0 0.4708333333333334 0.1361111111111111 0.125 0.06111111111111109
0 0.4944444444444444 0.09722222222222221 0.07777777777777778 0.05
1 0.3652777777777778 0.3138888888888889 0.20277777777777775 0.26666666666666666
1 0.5902777777777778 0.36458333333333326 0.1833333333333333 0.2847222222222222
1 0.7013888888888888 0.29583333333333334 0.11388888888888886 0.2694444444444445
1 0.9576388888888888 0.34652777777777777 0.08472222222222228 0.3097222222222222
1 0.03680555555555556 0.3048611111111111 0.07361111111111111 0.23472222222222222
0 0.9895833333333333 0.12569444444444447 0.02083333333333343 0.043055555555555555
