0 0.3784722222222222 0.2972222222222222 0.09861111111111115 0.1583333333333333
0 0.5263888888888889 0.3 0.09722222222222214 0.16111111111111115
0 0.7534722222222223 0.36111111111111105 0.073611111111111 0.09999999999999996
0 0.7826388888888889 0.47986111111111107 0.10972222222222229 0.13194444444444442
0 0.8930555555555556 0.3479166666666667 0.061111111111111144 0.11527777777777778
0 0.0638888888888889 0.24583333333333332 0.1277777777777778 0.29166666666666663
1 0.3402777777777778 0.5069444444444444 0.15277777777777782 0.2972222222222222
1 0.5069444444444444 0.5083333333333333 0.1277777777777777 0.28055555555555556
1 0.74375 0.7222222222222223 0.17638888888888885 0.33055555555555555
1 0.7381944444444444 0.5055555555555555 0.1597222222222223 0.20833333333333337
1 0.9034722222222222 0.5263888888888889 0.148611111111111 0.29166666666666674
1 0.03888888888888889 0.6090277777777777 0.07777777777777778 0.37361111111111106
