0 0.45138888888888884 0.3194444444444444 0.052777777777777785 0.058333333333333286
0 0.6847222222222222 0.37430555555555556 0.033333333333333284 0.0375
0 0.9159722222222223 0.4319444444444444 0.048611111111111 0.075
0 0.5604166666666666 0.4458333333333333 0.03472222222222222 0.02499999999999993
0 0.30416666666666664 0.4097222222222222 0.030555555555555572 0.05
1 0.3194444444444444 0.5756944444444444 0.09444444444444443 0.2402777777777777
1 0.43958333333333327 0.6479166666666667 0.12638888888888894 0.35416666666666663
1 0.5590277777777778 0.5680555555555555 0.07083333333333329 0.14444444444444435
1 0.6854166666666666 0.53125 0.08749999999999986 0.19583333333333328
1 0.9194444444444444 0.6527777777777777 0.13333333333333341 0.2972222222222222
