0 0.6544739098481136 0.37579617834394907 0.12072819696227334 0.08598726114649687
0 0.23669080720235172 0.31130573248407645 0.13979054385105338 0.0939490445859872
0 0.06989527192552669 0.2969745222929936 0.13979054385105338 0.13853503184713373
0 0.23192522048015676 0.033439490445859865 0.12390525477707005 0.06687898089171973
0 0.06195262738853503 0.035828025477707005 0.12390525477707005 0.07165605095541401
0 0.5671048199412053 0.48328025477707004 0.038124693777560024 0.030254777070063667
0 0.5065146990871203 0.48971786648417776 0.025508818761162573 0.019502760351601436
1 0.3693576010975043 0.5377485340954921 0.023582883292292037 0.030445080438679994
1 0.43760503607974327 0.5323758728416074 0.01786582067597884 0.023281532100167014
1 0.15604447585621248 0.5535925048961141 0.20082245588451691 0.31284097328281635
1 0.018318264557033635 0.6066394525397222 0.03663652911406727 0.23395064088975828
