0 0.6470519497863247 0.31666666666666665 0.08590411324786316 0.07222222222222222
1 0.7371127136752136 0.46388888888888885 0.16072382478632463 0.21111111111111108
0 0.6456663995726495 0.025694444444444443 0.09144631410256401 0.05138888888888889
0 0.48424979967948717 0.3763888888888889 0.03463875534188041 0.027777777777777787
0 0.3789479834401709 0.38819444444444445 0.02632545405982917 0.026388888888888927
0 0.3928034855769231 0.45625 0.02632545405982903 0.026388888888888858
0 0.2944294204059829 0.46111111111111114 0.03186765491452991 0.027777777777777787
1 0.2230735844017094 0.5381944444444444 0.08036191239316245 0.09305555555555564
1 0.424671140491453 0.4173611111111111 0.04572315705128204 0.05416666666666664
1 0.49325587606837606 0.42986111111111114 0.04987980769230774 0.05972222222222221
1 0.37340578258547014 0.4965277777777778 0.059578659188034136 0.05416666666666672
