0 0.7486111111111111 0.3041666666666667 0.03611111111111114 0.052777777777777785
0 0.6563569580098507 0.2559155605643209 0.029217797812839164 0.03339176892895896
0 0.5947908840470825 0.35035165706653315 0.029217797812839095 0.03860923282410887
0 0.5081809833875951 0.34304720761332336 0.03130478337089904 0.042783203940228776
0 0.42678854662325755 0.320612112864179 0.03547875448701902 0.05008765339343856
0 0.2467860422405878 0.2799158944820102 0.04069621838216879 0.045913682277318596
1 0.2509600133567077 0.44948347107438025 0.07826195842724772 0.19513314967860432
1 0.40800567660071807 0.44635299273729023 0.07513148009015787 0.18261123633024454
1 0.5087027297771101 0.4453094999582602 0.06574004507888809 0.1554804240754654
1 0.5963561232156276 0.4661793555388597 0.06574004507888802 0.15339343851740536
1 0.6694006177477254 0.40513502796560646 0.07200100175306787 0.1502629601803155
1 0.7674889389765426 0.4677445947074046 0.09287085733366737 0.22748142582853334
