0 0.552547770700637 0.36066878980891715 0.09554140127388529 0.1417197452229299
0 0.785828025477707 0.48328025477707015 0.049363057324840726 0.04299363057324847
0 0.8869426751592357 0.46496815286624205 0.06369426751592343 0.03821656050955411
0 0.2340764331210191 0.4418789808917198 0.1464968152866242 0.10031847133757957
1 0.3694267515923567 0.33917197452229303 0.2611464968152866 0.19108280254777074
1 0.37022292993630573 0.06210191082802549 0.25636942675159236 0.12420382165605098
0 0.5477707006369427 0.03343949044585987 0.07961783439490439 0.06687898089171974
1 0.09713375796178343 0.60828025477707 0.1910828025477707 0.2643312101910828
1 0.9522292993630573 0.535828025477707 0.09554140127388536 0.10031847133757957
1 0.80015923566879 0.5453821656050956 0.09394904458598731 0.08121019108280243
