0 0.17457932692307693 0.23819444444444446 0.047108707264957236 0.04027777777777779
0 0.2632545405982906 0.2625 0.038795405982906 0.030555555555555572
0 0.1946698050213675 0.36666666666666664 0.06512086004273503 0.03611111111111114
0 0.3055138221153846 0.38819444444444445 0.03740985576923077 0.029166666666666643
0 0.3754841079059829 0.39583333333333326 0.03602430555555557 0.027777777777777787
0 0.4828642494658119 0.3951388888888889 0.04295205662393165 0.0375
0 0.5327440571581197 0.39583333333333326 0.04295205662393165 0.033333333333333354
0 0.8770532852564102 0.39444444444444443 0.06373530982905976 0.038888888888888855
0 0.7925347222222223 0.40625 0.05542200854700852 0.03472222222222214
0 0.7315705128205129 0.40902777777777777 0.04433760683760681 0.03194444444444443
0 0.6699135283119658 0.40694444444444444 0.06789196047008537 0.03611111111111107
0 0.6228048210470086 0.3965277777777778 0.04018095619658126 0.026388888888888858
0 0.5680755876068375 0.40347222222222223 0.06096420940170944 0.02361111111111114
0 0.2687967414529915 0.06180555555555555 0.04156650641025639 0.026388888888888885
0 0.19189870459401712 0.0951388888888889 0.08174746260683761 0.034722222222222224
0 0.4489182692307692 0.3875 0.04987980769230774 0.030555555555555572
1 0.8749749599358974 0.5263888888888889 0.0872896634615384 0.16388888888888886
