0 0.8597337006427915 0.5092745638200183 0.1262626262626263 0.09756657483930205
0 0.7397842056932966 0.4226124885215794 0.02869605142332432 0.02984389348025715
0 0.7064967860422405 0.4082644628099173 0.03328741965105607 0.024104683195592214
0 0.6709136822773186 0.39908172635445355 0.0470615243342516 0.02640036730945816
0 0.5905647382920111 0.4208907254361799 0.02869605142332411 0.017217630853994522
0 0.5945821854912765 0.4099862258953168 0.022956841138659242 0.0206611570247933
0 0.6961662075298439 0.5959366391184573 0.07231404958677672 0.05280073461891632
0 0.5773645546372819 0.5081267217630854 0.057392102846648356 0.0470615243342516
0 0.5125114784205693 0.49090909090909096 0.05394857667584937 0.04247015610651978
0 0.4321625344352617 0.47139577594123044 0.05165289256198349 0.04017447199265376
0 0.12732276369512835 0.4685562500402859 0.028862199028127426 0.02120488091862427
0 0.15000020578865703 0.4823983250843878 0.022382929858547805 0.03593049266766883
0 0.15677398719321756 0.4505910037064514 0.027684150088203872 0.03121829690797462
0 0.2027178958502367 0.4500019792364897 0.02297195432850959 0.030040247968051048
0 0.2124367996046061 0.4352763674874451 0.020026831978700664 0.020615856448662415
0 0.18210203940157427 0.4308586839627317 0.024150003268433126 0.018848783038777128
0 0.3717679187292688 0.4429336855969483 0.025328052208356697 0.021793905388585985
1 0.700186544789452 0.5736971179284643 0.18613173250792386 0.11014757588285348
