0 0.7624938755512002 0.3638535031847134 0.13661348603625656 0.08121019108280259
0 0.5408940929691327 0.46178343949044587 0.09054614772170509 0.07961783439490447
0 0.39316090458108766 0.43789808917197454 0.0937232055365017 0.044585987261146445
0 0.08975188326800587 0.43869426751592355 0.058775569573738355 0.03662420382165607
1 0.299437699044586 0.4928343949044586 0.06195262738853504 0.0334394904458599
0 0.3065860791278785 0.4442675159235669 0.041301751592356696 0.03184713375796178
0 0.2303366915727584 0.4856687898089173 0.038124693777560024 0.03821656050955419
0 0.19777184897109257 0.47133757961783446 0.027004991425771684 0.03503184713375795
0 0.16520700636942676 0.46974522292993626 0.03177057814796671 0.025477707006369386
1 0.3733042932386085 0.5987261146496814 0.1334364282214601 0.22292993630573243
