0 0.6906967815170941 0.26458333333333334 0.059578659188034205 0.04861111111111107
0 0.8943726629273505 0.29861111111111116 0.07343416132478638 0.04722222222222218
0 0.4606954460470085 0.30138888888888893 0.07897636217948723 0.05277777777777775
0 0.3553936298076923 0.3027777777777778 0.056807558760683816 0.04722222222222225
0 0.3103632478632478 0.32430555555555557 0.058193108974358976 0.051388888888888894
0 0.6983173076923077 0.07569444444444445 0.09698851495726486 0.04305555555555556
0 0.8936798878205129 0.03611111111111111 0.06927751068376069 0.03888888888888888
0 0.46831597222222227 0.034722222222222224 0.07481971153846154 0.03611111111111111
0 0.3706346821581197 0.0375 0.04849425747863251 0.047222222222222214
0 0.3041282719017094 0.02361111111111111 0.0512653579059829 0.04722222222222222
1 0.6532869257478632 0.3840277777777778 0.090060763888889 0.14305555555555557
1 0.907535389957265 0.4375 0.1302417200854701 0.17222222222222228
1 0.42259281517094016 0.4118055555555556 0.07759081196581193 0.12083333333333336
1 0.2708750667735043 0.4597222222222223 0.10114516559829063 0.17500000000000007
1 0.35400807959401703 0.425 0.04295205662393165 0.14444444444444443
