0 0.8577510643626346 0.302785082227231 0.04382669671925868 0.02921779781283913
0 0.47165873612154613 0.4050473745721679 0.05217463895149841 0.04382669671925861
0 0.25826446280991733 0.48122234744135567 0.06782703063694803 0.056348610067618383
0 0.3046998914767509 0.3533944820101844 0.0542616245095584 0.04487018949828872
0 0.19095917856248434 0.20208802905083892 0.016695884464479498 0.015652391685449487
0 0.19565489606811923 0.13008702729777108 0.02608731947574924 0.019826362801569422
1 0.5619208615076383 0.5177445947074045 0.12208865514650633 0.1711328157609148
1 0.3480048418064947 0.6147894231571917 0.16382836630770511 0.18156774355121477
1 0.8614032890892395 0.38313402621253856 0.057392102846648356 0.11687119125135645
1 0.7570540111862427 0.2897414224893563 0.09704482844978714 0.09913181400784701
0 0.7283579597629185 0.20417501460889886 0.020869855580599363 0.013565406127389608
0 0.7283579597629185 0.13321750563486098 0.033391768928959065 0.024000333917689288
1 0.7377493947741882 0.054261624509558404 0.06469655229985805 0.10434927790299692
0 0.8598380499206946 0.027652558644294185 0.025043826696719264 0.030261290591869106
