0 0.687447521158107 0.5505307058052228 0.13128338077672175 0.10169069757425817
0 0.8760181953646711 0.49131082898256656 0.07160911678730301 0.03828355673383825
0 0.91719343751737 0.4129491737929913 0.027450161435132826 0.01794541721898682
0 0.605693779492603 0.4285018687161131 0.03938501423301652 0.04187264017763567
0 0.7154944252331339 0.4518309111007959 0.041771984792593315 0.047854445917298
0 0.5245367804669931 0.4081637292012614 0.02983713199470948 0.025123584106581446
0 0.4403960682419123 0.3979946594438357 0.01909576447661408 0.016749056071054227
0 0.411155678887097 0.41175281264505886 0.020289249756402512 0.017945417218986747
1 0.4356221271227588 0.44226002191733627 0.0381915289532283 0.04785444591729792
1 0.5185693540680513 0.45063454995286345 0.05131986703090036 0.06460350198835223
1 0.5824208165367295 0.48951628726066787 0.054900322870265514 0.104083419870123
1 0.652836448044244 0.5152380519412155 0.0907048812639168 0.11245794790565014
1 0.7536859541863621 0.7628848095632325 0.1849902183671989 0.2440576741782195
1 0.9219673786365234 0.6157323883675413 0.11338110157989618 0.14117061545602902
