0 0.7333333333333334 0.31666666666666665 0.1833333333333333 0.10555555555555554
0 0.1729166666666667 0.4486111111111111 0.07916666666666666 0.06666666666666664
0 0.11597222222222221 0.40902777777777777 0.05694444444444443 0.05694444444444443
0 0.24375 0.46875 0.09027777777777775 0.06527777777777771
0 0.28958333333333336 0.43958333333333327 0.04583333333333332 0.03472222222222222
0 0.33055555555555555 0.44791666666666674 0.025000000000000036 0.0319444444444445
0 0.3527777777777778 0.4770833333333333 0.05 0.03472222222222222
0 0.43263888888888885 0.4965277777777778 0.05972222222222221 0.05972222222222229
0 0.49236111111111114 0.47361111111111115 0.0430555555555555 0.052777777777777785
0 0.5444444444444444 0.4875 0.027777777777777787 0.030555555555555572
0 0.5763888888888888 0.4875 0.03611111111111107 0.052777777777777715
0 0.638888888888889 0.47152777777777777 0.030555555555555572 0.0375
0 0.6125 0.4923611111111111 0.027777777777777787 0.0375
1 0.7743055555555555 0.7118055555555556 0.26805555555555555 0.5125
1 0.05694444444444444 0.6368055555555556 0.09166666666666666 0.3152777777777777
1 0.22013888888888888 0.6125 0.08472222222222221 0.19444444444444456
