0 0.8659688835470085 0.24166666666666664 0.09975961538461547 0.05555555555555554
0 0.8652761084401709 0.1 0.09837406517094024 0.05
0 0.4939486511752137 0.31875 0.05126535790598297 0.048611111111111105
0 0.46277377136752135 0.3104166666666666 0.027711004273504328 0.048611111111111105
0 0.428135016025641 0.32013888888888886 0.05265090811965806 0.056944444444444395
0 0.37340578258547014 0.31319444444444444 0.06512086004273505 0.0625
0 0.32214042467948717 0.3159722222222222 0.07066306089743588 0.0625
0 0.2244591346153846 0.29583333333333334 0.08036191239316243 0.07499999999999993
0 0.038102630876068376 0.33333333333333326 0.042952056623931624 0.033333333333333354
0 0.509189703525641 0.01875 0.04295205662393158 0.0375
0 0.47662927350427353 0.03333333333333333 0.022168803418803406 0.03888888888888889
0 0.4309061164529915 0.022222222222222223 0.03048210470085472 0.044444444444444446
0 0.36647803151709396 0.02847222222222222 0.06789196047008553 0.05694444444444444
0 0.32421875 0.03125 0.06927751068376069 0.0625
0 0.22238080929487178 0.034722222222222224 0.08728966346153846 0.06944444444444445
1 0.8534989316239315 0.39861111111111114 0.12192841880341888 0.14444444444444443
1 0.7274138621794871 0.5673611111111111 0.06650641025641021 0.10416666666666671
1 0.6740701789529914 0.5569444444444445 0.0678919604700856 0.11666666666666664
0 0.6581363514957265 0.44583333333333336 0.04710870726495728 0.05
0 0.7294921875 0.47361111111111115 0.04849425747863251 0.052777777777777785
1 0.050572582799145296 0.43263888888888885 0.07620526175213675 0.12361111111111107
