0 0.5031847133757963 0.2229299363057325 0.06687898089171973 0.057324840764331204
0 0.7810509554140127 0.1624203821656051 0.1098726114649682 0.11146496815286623
0 0.17197452229299362 0.2006369426751592 0.09554140127388534 0.06687898089171977
0 0.16878980891719744 0.13694267515923567 0.11464968152866241 0.04777070063694268
0 0.339171974522293 0.07961783439490447 0.06369426751592354 0.04777070063694268
0 0.5007961783439491 0.10589171974522295 0.07165605095541401 0.04299363057324841
1 0.11783439490445861 0.33678343949044587 0.17197452229299365 0.18630573248407648
1 0.11624203821656053 0.04538216560509554 0.14649681528662423 0.09076433121019108
0 0.026273885350318472 0.027070063694267517 0.027070063694267513 0.01910828025477707
0 0.3328025477707006 0.2635350318471337 0.05095541401273881 0.04617834394904456
1 0.2332802547770701 0.36066878980891715 0.04936305732484076 0.07484076433121026
