0 0.8881944444444444 0.2041666666666667 0.09027777777777772 0.052777777777777785
0 0.8986111111111111 0.12569444444444444 0.11388888888888886 0.06527777777777777
0 0.7034722222222223 0.09652777777777778 0.09583333333333328 0.0652777777777778
0 0.7069444444444444 0.23194444444444443 0.09722222222222228 0.06111111111111111
0 0.5729166666666666 0.22847222222222222 0.12361111111111114 0.07916666666666665
0 0.5416666666666666 0.10277777777777779 0.06944444444444443 0.052777777777777785
0 0.42916666666666664 0.09305555555555556 0.058333333333333286 0.05277777777777778
0 0.4395833333333334 0.23194444444444445 0.0625 0.08611111111111114
0 0.05833333333333334 0.3069444444444444 0.09444444444444444 0.052777777777777715
0 0.011111111111111112 0.2756944444444444 0.022222222222222223 0.0763888888888889
0 0.01388888888888889 0.06458333333333334 0.02777777777777778 0.0625
0 0.052777777777777785 0.019444444444444445 0.05833333333333334 0.03888888888888889
