0 0.7909722222222223 0.29097222222222224 0.10694444444444443 0.06527777777777778
0 0.7708333333333335 0.040972222222222215 0.11944444444444442 0.05972222222222221
0 0.6569444444444444 0.5291666666666667 0.075 0.03888888888888893
0 0.5173611111111112 0.48333333333333334 0.08750000000000008 0.07222222222222228
0 0.34861111111111115 0.4145833333333333 0.1194444444444445 0.14583333333333337
0 0.42569444444444443 0.46875 0.07916666666666665 0.06527777777777771
0 0.2770833333333333 0.41666666666666674 0.11249999999999996 0.08888888888888893
0 0.0638888888888889 0.34097222222222223 0.1277777777777778 0.10138888888888886
1 0.14027777777777778 0.55 0.2583333333333333 0.29166666666666663
1 0.42986111111111114 0.65 0.1902777777777778 0.2444444444444445
1 0.7611111111111112 0.6666666666666665 0.16388888888888886 0.17222222222222214
1 0.8819444444444445 0.50625 0.21944444444444444 0.2902777777777778
1 0.625 0.6625 0.1277777777777777 0.17500000000000007
