0 0.014475969889982628 0.44600463231036486 0.028951939779965255 0.052113491603937516
0 0.3314997104806022 0.5046323103647946 0.03474232773595837 0.018818760856977333
0 0.5182397220613781 0.5082513028372901 0.040532715691951396 0.03763752171395488
0 0.5081065431383902 0.37651997683844823 0.0289519397799652 0.026056745801968758
0 0.6586566299942095 0.4098147075854083 0.028951939779965272 0.026056745801968758
0 0.6948465547191662 0.44238563983786927 0.028951939779965272 0.01592356687898089
0 0.7259698899826289 0.5024609148812971 0.030399536768963457 0.020266357845975663
0 0.9394904458598725 0.5068037058482919 0.03763752171395481 0.020266357845975733
0 0.9727851766068326 0.4488998262883614 0.03184713375796178 0.03474232773595837
0 0.9517950202663579 0.46192819918934575 0.02460914881297029 0.020266357845975733
0 0.9929067747539085 0.42718587145338743 0.014186450492182985 0.03474232773595844
0 0.32106701881402744 0.45267441312337625 0.02786415896762275 0.017976876753305008
0 0.32780834759651684 0.43649522404540164 0.03235837815594902 0.016179189077974526
