0 0.7759081196581197 0.41805555555555557 0.04987980769230774 0.03611111111111114
0 0.6525941506410257 0.41111111111111115 0.06373530982905982 0.05
0 0.6311181223290597 0.44166666666666665 0.029096554487179488 0.030555555555555572
0 0.4274422409188034 0.5055555555555555 0.05403645833333329 0.025
0 0.38864683493589747 0.5159722222222222 0.02909655448717942 0.026388888888888858
0 0.35816473023504275 0.5243055555555555 0.0374098557692308 0.03194444444444443
0 0.31521267361111116 0.5270833333333332 0.0374098557692308 0.02361111111111114
1 0.8216312767094017 0.4722222222222222 0.0831330128205127 0.10555555555555557
1 0.5763888888888888 0.5125 0.04710870726495735 0.08333333333333336
0 0.5777744391025641 0.4618055555555556 0.019397702991452947 0.029166666666666643
