0 0.8819027110042734 0.24027777777777778 0.13162727029914534 0.08055555555555557
0 0.8805171607905983 0.10833333333333332 0.13716947115384615 0.11388888888888889
0 0.7364199385683762 0.03541666666666666 0.10945846688034194 0.07083333333333332
0 0.7488898904914529 0.30902777777777773 0.14548277243589738 0.10416666666666664
0 0.5465995592948718 0.2590277777777778 0.16765157585470086 0.1125
0 0.5514489850427351 0.07916666666666666 0.17180822649572647 0.10833333333333334
0 0.4052734375 0.04791666666666666 0.2092180822649572 0.06805555555555555
0 0.40804453792735046 0.31527777777777777 0.18704927884615385 0.11388888888888886
1 0.9011167868589743 0.58125 0.19776642628205138 0.3847222222222222
1 0.7662092681623932 0.6131944444444444 0.2549412393162392 0.3458333333333334
1 0.5944010416666667 0.5701388888888889 0.25217013888888895 0.3763888888888889
1 0.4593098958333334 0.7541666666666665 0.2618689903846154 0.4916666666666667
1 0.1524105235042735 0.6805555555555556 0.304821047008547 0.6055555555555555
