0 0.8326382464077975 0.420738030534151 0.08192711901474951 0.03880758269119724
0 0.6511049984856417 0.3711505637620657 0.03449562905884193 0.02242215888824738
0 0.7218210380562678 0.4345362821576878 0.022422158888247168 0.021559768161776134
0 0.44197524731641247 0.429793133162097 0.02845889397354455 0.02069737743530517
0 0.3436627044987129 0.358214702865 0.04225714559708137 0.0396699734176682
1 0.32555249924282087 0.47032549730623635 0.08537668192063382 0.13970729768830992
1 0.4389568797737637 0.48110538138712444 0.04656909922943662 0.07847755610886552
1 0.6554169521179971 0.45652724568269953 0.07244082102356807 0.12935860897065737
1 0.7261329916886229 0.4918852654680125 0.05174344358826275 0.0896886355529891
1 0.8291886835019133 0.5406103415136267 0.08020233756180745 0.15264315858537558
