0 0.07174012855831037 0.3233700642791552 0.06542699724517906 0.04820936639118454
0 0.26974288337924707 0.3405876951331497 0.057392102846648356 0.04132231404958677
0 0.30303030303030304 0.2831955922865014 0.05280073461891646 0.04820936639118454
0 0.4516758494031221 0.24933425160697886 0.014921946740128575 0.026400367309458196
0 0.19341138659320478 0.43413682277318644 0.06313131313131311 0.04706152433425153
0 0.2513774104683196 0.5615472910927457 0.06657483930211207 0.053948576675849506
0 0.6324609733700643 0.4737373737373738 0.07805325987144159 0.05050505050505052
0 0.4126492194674013 0.41404958677685955 0.04017447199265384 0.05509641873278241
0 0.8832644628099174 0.281473829201102 0.033287419651055784 0.026400367309458196
0 0.7799586776859505 0.2883608815426998 0.028696051423324178 0.04017447199265384
0 0.6496786042240589 0.30557851239669426 0.02525252525252526 0.01951331496786043
0 0.6112258953168045 0.26368227731864097 0.028696051423323966 0.020661157024793368
0 0.5469467401285584 0.24072543617998166 0.024104683195592214 0.02984389348025708
