0 0.39497262660737886 0.3692172274167085 0.05298582281691466 0.05556489178294271
0 0.2209345778164363 0.3647230082283822 0.06521332039004872 0.04657645340629024
0 0.6224040814676739 0.3859684080277427 0.05787682184616827 0.04657645340629024
0 0.7039207319552347 0.3888283656930412 0.05298582281691466 0.04249079959872084
0 0.8355701224926457 0.37657140427033325 0.0749953184485561 0.03922227655266546
0 0.49034710767782513 0.4885183185977327 0.04809482378766099 0.058833414828998155
1 0.21645116203962048 0.5052694992087668 0.10189581310945119 0.16914606763336984
1 0.8636933669108541 0.47585279179426776 0.09048348204119265 0.1315580526037322
1 0.7556838050148359 0.4938296685475729 0.10271097961432674 0.14790066783400938
1 0.32486830718807647 0.47748705331729546 0.11819914320696338 0.2083683441860353
1 0.6330012460310567 0.48851831859773254 0.11656881019721205 0.15688910621066185
