0 0.31875 0.4798611111111111 0.07361111111111114 0.05416666666666664
0 0.1826388888888889 0.4388888888888889 0.05694444444444443 0.038888888888888855
0 0.32916666666666666 0.20694444444444443 0.08333333333333331 0.08888888888888889
0 0.1840277777777778 0.2361111111111111 0.07916666666666668 0.041666666666666644
1 0.14166666666666666 0.53125 0.11666666666666668 0.12083333333333329
1 0.2861111111111111 0.5875 0.11666666666666664 0.1694444444444445
1 0.27083333333333337 0.7527777777777778 0.16944444444444445 0.1583333333333333
1 0.1451388888888889 0.7951388888888888 0.11527777777777778 0.12638888888888886
0 0.33263888888888893 0.8652777777777777 0.08194444444444446 0.04166666666666671
0 0.19305555555555556 0.8944444444444444 0.06666666666666668 0.05
1 0.2888888888888889 0.07569444444444444 0.13888888888888892 0.15138888888888888
1 0.14930555555555552 0.10694444444444445 0.11249999999999999 0.20277777777777778
0 0.7159722222222221 0.1840277777777778 0.1597222222222222 0.14305555555555555
0 0.9034722222222222 0.19166666666666665 0.19305555555555556 0.15555555555555553
0 0.5618055555555556 0.1847222222222222 0.1597222222222223 0.17777777777777778
0 0.5777777777777778 0.4673611111111111 0.1583333333333333 0.1625
0 0.7194444444444444 0.4715277777777777 0.1444444444444443 0.12916666666666665
0 0.8951388888888888 0.4875 0.17916666666666672 0.14722222222222228
0 0.9138888888888889 0.8541666666666667 0.17222222222222228 0.175
0 0.7284722222222223 0.8291666666666666 0.20138888888888892 0.15277777777777785
0 0.58125 0.8472222222222223 0.16527777777777772 0.1833333333333333
