0 0.268390766811497 0.22007176728544317 0.020733661342654804 0.022029515176570733
0 0.38113005036218256 0.25214414967486226 0.027212930512234338 0.03563598043268797
0 0.44138725363927306 0.2728778110175171 0.02462122284440248 0.0291567112631083
0 0.5022923838333215 0.2884280570245082 0.028508784346150406 0.022677442093528732
0 0.545703487269505 0.2168321327006533 0.02591707667831855 0.041467322685309574
0 0.6098482520483434 0.2608911630537948 0.04276317651922547 0.03369219968181408
1 0.6066086174635535 0.36715117743490067 0.049242445688805106 0.13476879872725628
1 0.5550984275653955 0.32406403745719614 0.05118622643967896 0.09654111062673638
1 0.5013204934578845 0.3713627023951274 0.04859451877184718 0.09265354912498872
1 0.4394434728883992 0.35970001788988415 0.05183415335663703 0.09913281829456828
1 0.38372175803001435 0.3532207487203045 0.06090513019404852 0.13152916414246646
1 0.2862087570278409 0.35030507759399365 0.07839915695191348 0.13606465256117223
