0 0.8176928417353028 0.4336693505520462 0.05709380913120711 0.040767561614995035
0 0.667919356137684 0.4626770386242542 0.04536220451520578 0.0297916796417271
0 0.7281415931664919 0.3901578184437342 0.05787591610560739 0.04155155318451413
0 0.37306502678884695 0.3407663495640288 0.05161906031040644 0.0478234857406672
0 0.1974820110360249 0.3611501303715262 0.057093809131207145 0.0368476037673993
0 0.19787306452322498 0.2968628216709572 0.07664648349120963 0.0478234857406672
0 0.09541705087681208 0.37957393225522595 0.043797990566405515 0.03606361219788021
0 0.1998283319592251 0.04703949417114808 0.0805570183632101 0.04703949417114808
1 0.06335066492640797 0.46059504709249166 0.10480233456961319 0.10113491246796834
1 0.3539034059160446 0.37631595336918466 0.09463494390241188 0.08153512322999007
1 0.166979839034421 0.34142832852558314 0.052401167284806614 0.0587993677139351
1 0.7547332302960951 0.49469868036657405 0.07195384164480899 0.15836629704286523
