0 0.1673611111111111 0.14583333333333334 0.0597222222222222 0.09444444444444447
0 0.3090277777777778 0.2520833333333334 0.04583333333333332 0.06805555555555554
0 0.39444444444444443 0.2583333333333333 0.033333333333333284 0.05
0 0.4701388888888889 0.22847222222222222 0.04861111111111107 0.0763888888888889
0 0.5277777777777778 0.2548611111111111 0.038888888888889 0.05972222222222221
0 0.6020833333333333 0.2881944444444444 0.04305555555555557 0.07916666666666668
0 0.7916666666666665 0.3909722222222222 0.061111111111111 0.07916666666666672
1 0.15555555555555556 0.3729166666666666 0.13333333333333333 0.28472222222222215
1 0.3090277777777778 0.44236111111111115 0.12083333333333332 0.28472222222222227
1 0.3902777777777778 0.39375 0.06388888888888886 0.1625
1 0.46944444444444444 0.41041666666666665 0.0944444444444445 0.2652777777777777
1 0.5833333333333333 0.41944444444444445 0.09722222222222221 0.2111111111111111
1 0.7604166666666665 0.5916666666666667 0.12083333333333329 0.2888888888888889
