0 0.6236111111111111 0.25277777777777777 0.07222222222222215 0.08611111111111111
0 0.4701388888888889 0.25625 0.07361111111111107 0.10138888888888893
0 0.24305555555555558 0.12430555555555553 0.06944444444444443 0.06805555555555555
0 0.5083333333333333 0.5145833333333333 0.09444444444444443 0.09861111111111107
0 0.31527777777777777 0.6298611111111111 0.10277777777777775 0.17083333333333342
1 0.2833333333333333 0.33055555555555555 0.10833333333333335 0.21111111111111114
1 0.42986111111111114 0.39861111111111114 0.11527777777777778 0.27777777777777773
1 0.5826388888888888 0.3847222222222222 0.09861111111111107 0.20277777777777775
1 0.25555555555555554 0.8166666666666665 0.19166666666666665 0.3666666666666667
1 0.5916666666666667 0.7847222222222223 0.17777777777777778 0.3611111111111112
