0 0.8576388888888888 0.26666666666666666 0.07083333333333343 0.08333333333333336
0 0.5555555555555556 0.2833333333333333 0.07777777777777771 0.09722222222222221
0 0.3652777777777778 0.4048611111111111 0.15 0.17638888888888893
0 0.24861111111111112 0.2513888888888889 0.1 0.15833333333333335
0 0.043055555555555555 0.24861111111111112 0.08611111111111111 0.1527777777777778
1 0.2548611111111111 0.5048611111111111 0.16527777777777777 0.28472222222222227
1 0.5583333333333332 0.5361111111111111 0.17222222222222222 0.28611111111111115
1 0.8611111111111112 0.4618055555555556 0.14444444444444443 0.19583333333333336
1 0.3902777777777778 0.7055555555555554 0.15833333333333333 0.42222222222222217
1 0.0798611111111111 0.47916666666666663 0.1597222222222222 0.3138888888888889
