0 0.7433476896367521 0.3194444444444445 0.0872896634615384 0.052777777777777785
0 0.5950938167735044 0.33888888888888885 0.06789196047008553 0.044444444444444425
0 0.4800931490384616 0.3472222222222222 0.07897636217948723 0.044444444444444425
0 0.36370693108974367 0.28402777777777777 0.07066306089743585 0.056944444444444464
1 0.35955028044871795 0.4527777777777778 0.14271167200854706 0.20555555555555557
1 0.47039429754273504 0.5152777777777778 0.1510249732905983 0.20277777777777786
1 0.6068709935897436 0.4944444444444444 0.1385550213675215 0.2083333333333333
1 0.7821430956196582 0.5034722222222223 0.14548277243589738 0.23472222222222222
0 0.7412693643162394 0.018055555555555554 0.0859041132478633 0.03611111111111111
0 0.5957865918803419 0.017361111111111112 0.04987980769230774 0.034722222222222224
