0 0.7157643312101911 0.5103503184713376 0.1066878980891721 0.09076433121019115
0 0.5812101910828026 0.5246815286624203 0.08280254777070056 0.05254777070063696
0 0.2109872611464968 0.2762738853503185 0.1003184713375796 0.07802547770700638
0 0.7133757961783439 0.2627388535031847 0.06369426751592357 0.05095541401273884
0 0.7141719745222929 0.06767515923566879 0.06528662420382161 0.039808917197452214
0 0.21576433121019106 0.04538216560509554 0.08439490445859875 0.07165605095541401
0 0.3789808917197452 0.34076433121019106 0.06369426751592364 0.04458598726114648
0 0.4673566878980891 0.36066878980891715 0.06210191082802545 0.04299363057324847
0 0.28503184713375795 0.34076433121019106 0.08280254777070059 0.05095541401273881
0 0.5294585987261147 0.38375796178343946 0.04617834394904463 0.04140127388535035
0 0.6146496815286625 0.3479299363057325 0.06687898089171973 0.05254777070063689
