0 0.7986952678003811 0.19321625344352614 0.06526972080949363 0.044765840220385655
0 0.8862941036236487 0.1719811753902663 0.05954430670339761 0.03902662993572086
0 0.9023252631207174 0.13811983471074382 0.06641480363071267 0.05165289256198344
0 0.7964051021579428 0.11631083562901746 0.04923856131242488 0.03558310376492194
1 0.8135813444762305 0.2861914600550964 0.1133631993006992 0.12281910009182731
1 0.9160662569753475 0.2718434343434343 0.10992795083704181 0.14462809917355365
1 0.5908627357490991 0.4778810835629016 0.10534761955216482 0.15725436179981628
0 0.602313563961291 0.3533402203856748 0.04122298156389057 0.05280073461891639
0 0.3744420825386733 0.42278466483011923 0.04122298156389057 0.035583103764921874
1 0.39848882178427614 0.5117424242424241 0.10076728826728817 0.09641873278236908
0 0.1786329201101928 0.37572314049586764 0.027481987709260452 0.014921946740128575
0 0.09847712262484987 0.3694100091827363 0.038932815921452264 0.02525252525252519
1 0.10935540942643211 0.4681244260789715 0.07443038337924697 0.11937557392102846
1 0.1849308756268983 0.4537764003673094 0.04694839566998656 0.08838383838383841
