0 0.7918419471153847 0.36875 0.11777176816239318 0.07638888888888885
0 0.46970152243589747 0.31527777777777777 0.08313301282051284 0.052777777777777785
0 0.36994190705128205 0.3381944444444444 0.0748197115384616 0.06805555555555558
0 0.30066439636752135 0.26388888888888884 0.06650641025641033 0.03888888888888889
0 0.15795272435897437 0.29166666666666663 0.0720486111111111 0.05277777777777775
0 0.09906684027777779 0.3347222222222222 0.09283186431623931 0.04722222222222225
0 0.25009181356837606 0.3291666666666667 0.09560296474358974 0.07222222222222222
0 0.30759214743589747 0.05694444444444444 0.07204861111111115 0.04444444444444444
0 0.46138822115384615 0.018055555555555557 0.077590811965812 0.036111111111111115
0 0.41843616452991456 0.03472222222222222 0.0360243055555555 0.03333333333333333
0 0.37132745726495725 0.03541666666666667 0.03325320512820511 0.0375
0 0.15725994925213674 0.044444444444444446 0.07620526175213672 0.06111111111111111
1 0.19882645566239315 0.4847222222222222 0.13716947115384615 0.20555555555555557
1 0.3283754006410257 0.4590277777777778 0.10253071581196582 0.17916666666666672
1 0.05334368322649572 0.3847222222222222 0.09283186431623931 0.16111111111111115
