0 0.12771806891953608 0.317979139113283 0.02268110225760285 0.018031806098940104
0 0.3662606961115661 0.39794627920423475 0.0320663859504041 0.01959978923797834
0 0.5696085094555916 0.513585035708307 0.030502172001603895 0.01567983139038269
0 0.7287672787460115 0.5504326394757065 0.037541134771204694 0.0297916796417271
0 0.9237445699959906 0.6558795055760303 0.033630599899204444 0.025871721794131445
1 0.9303924792783914 0.6942950924824678 0.046926418464006046 0.041551553184514346
1 0.7235251845495654 0.5923761884449802 0.043015883592005366 0.04468751946259068
1 0.5936954267991491 0.5672884582203678 0.061786450977607855 0.06820726654816475
1 0.37157704606952113 0.44616176072966157 0.05396538123360685 0.06271932556153083
1 0.1329581856480167 0.36070667965207576 0.06726119979840846 0.05958335928345427
