0 0.2248252623910024 0.3331448405922485 0.03984245156296243 0.03699656216560797
0 0.34435261707988973 0.3473742875790208 0.03984245156296254 0.02561300457619019
0 0.4121796477168377 0.3193897085050353 0.03699656216560804 0.0360479323664898
0 0.46008545257230443 0.39385714773581026 0.02845889397354455 0.03320204296913538
0 0.661194969985353 0.38816536894110143 0.02845889397354455 0.01992122578148134
1 0.6659381189809437 0.5171790216211702 0.08537668192063386 0.1565239168544953
1 0.5487823387898518 0.4441345270890724 0.05976367734444366 0.0920170905144608
1 0.4686231207643678 0.4811310892546804 0.04173971116119873 0.0920170905144608
1 0.40127040502697897 0.5181276514202885 0.08727394151887012 0.21344170480158453
1 0.3471985064772442 0.4550437697789312 0.05881504754532546 0.10624653750123322
1 0.23620881998042023 0.45172356548201764 0.0777876435276886 0.13565406127389587
