0 0.8594899576638277 0.32807508462875395 0.03214365435028455 0.036847603767399345
0 0.7438512011597553 0.3825624987103338 0.03135966278076552 0.028223696502688824
0 0.6011647355072729 0.377858549293219 0.025087730224612272 0.020383780807497445
0 0.44867837523580106 0.3559067853466833 0.022735755516054893 0.025087730224612272
0 0.21504888751909873 0.27946760731856757 0.036847603767399345 0.04311953632355241
0 0.14096168419954047 0.33199504247634964 0.032927645919803704 0.039983570045475855
1 0.21504888751909873 0.4346979380833564 0.07761516538239438 0.18580600197603495
1 0.14409765047761702 0.4546897231060943 0.0674232749786456 0.14895839820863557
1 0.45063835415959885 0.455865710460373 0.048607477310186414 0.11681474385835117
1 0.5960687903053984 0.4707615502812365 0.06663928340912662 0.121518693275466
1 0.7426752138054767 0.47624949126787053 0.06193533399201158 0.12779062583161901
1 0.8579219745247897 0.45821768516893047 0.07447919910431779 0.16699020430757577
