0 0.8514206063034188 0.3791666666666667 0.23970018696581208 0.20277777777777778
0 0.6207264957264957 0.3055555555555556 0.155181623931624 0.15
0 0.7114800347222223 0.26111111111111107 0.11500066773504286 0.1444444444444444
0 0.4503038194444444 0.3034722222222222 0.15795272435897437 0.17638888888888885
1 0.5653044871794871 0.6090277777777778 0.24385683760683768 0.37638888888888894
0 0.8521133814102564 0.04930555555555556 0.22445913461538453 0.09861111111111112
0 0.7225644364316238 0.05694444444444444 0.0983740651709401 0.11388888888888889
0 0.6165698450854701 0.06805555555555555 0.15795272435897445 0.1361111111111111
0 0.42882779113247865 0.06041666666666666 0.19536258012820518 0.12083333333333332
0 0.2431640625 0.05347222222222223 0.0900607638888889 0.07083333333333335
0 0.2341579861111111 0.2777777777777778 0.07204861111111115 0.09722222222222228
