0 0.5229128779050575 0.34613819483538505 0.018253497149963847 0.01601029629538992
1 0.5683564801846548 0.4172315343375331 0.020154903103085004 0.027827419751510974
1 0.5156875352831969 0.38273315779627637 0.03726755668117598 0.03811975308426163
1 0.537553703744091 0.44200937384230327 0.050577398353024564 0.04155053086184523
0 0.5227332215509758 0.09383329614339665 0.02232451709250853 0.01785961367400679
1 0.5171520922778486 0.0635580231607634 0.03563336382073473 0.01773050836132252
0 0.44301049860306363 0.536623128461509 0.028571088702046908 0.020334353636232833
1 0.4307249304611835 0.5837358210412313 0.03828525886074288 0.054988674621925145
1 0.4269631839968548 0.9753528448623205 0.042374903843754905 0.04929431027535898
0 0.4311483596851269 0.9234364968063573 0.030865670701006563 0.018878672020350252
