0 0.44557091774207064 0.3538747981513923 0.02922150395480415 0.02209430786826651
0 0.5998747130156095 0.3734745873893707 0.019956149042305357 0.01853070982499773
0 0.7442004337679958 0.3770381854326395 0.02494518630288141 0.02708334512884278
0 0.8660754868477887 0.328216892239857 0.027796064737496663 0.03919957847595672
0 0.21393704492959897 0.2829591970903433 0.04205045691057183 0.04276317651922557
0 0.14230872425989616 0.33320592950043326 0.03563598043268794 0.04490133534518673
1 0.1419523644555693 0.452586463949938 0.06200660595287703 0.16107463155574955
1 0.20930436747334952 0.4383320717768628 0.07697371773460596 0.19100885511920743
1 0.4477090765680319 0.4500919453196498 0.04632677456249432 0.12900224916633035
1 0.598805633602629 0.4711171737749358 0.0634320451701845 0.12543865112306157
1 0.7409931955290537 0.4764625708398389 0.05274125104037822 0.13327856681825295
1 0.8582355711525972 0.45828822081916804 0.06058116673556953 0.15109655703459693
