0 0.11588717766476311 0.32114253566336126 0.022827557338911255 0.02790556524533372
0 0.43157559257116995 0.3370487078532015 0.020600478574139346 0.021766340891360373
0 0.28987770616256225 0.4642980853719236 0.017816630118174644 0.018417673061920325
0 0.489758025300834 0.36411710614117526 0.025611405794876065 0.022324452196266976
0 0.48780933138165855 0.3842091131178156 0.02616817548606903 0.022324452196266976
0 0.4652601588883438 0.39481322791104245 0.0244978664124902 0.022324452196267046
0 0.5768924819725318 0.37555838789176216 0.02616817548606903 0.02065011828154695
0 0.6495509266732127 0.4818785914764838 0.026724945177261858 0.024556897415893744
0 0.6576240871955106 0.6878216629870471 0.018373399809367755 0.02009200697664042
0 0.8264547037285351 0.43612821406812885 0.02585912096244883 0.021728259258029185
