0 0.6172626201923076 0.5138888888888888 0.0734341613247863 0.047222222222222214
0 0.48840645032051283 0.5333333333333333 0.0872896634615384 0.052777777777777785
0 0.5272018563034188 0.5083333333333333 0.07066306089743585 0.047222222222222214
0 0.3325320512820513 0.4902777777777778 0.09975961538461536 0.075
0 0.2147602831196581 0.5111111111111112 0.08036191239316234 0.0555555555555555
0 0.07759081196581197 0.5458333333333333 0.08313301282051283 0.041666666666666644
1 0.0900607638888889 0.6625 0.12469951923076923 0.14166666666666664
1 0.20783253205128205 0.6430555555555554 0.08313301282051284 0.17222222222222214
1 0.30343549679487175 0.6486111111111111 0.1634949252136752 0.20277777777777772
1 0.4807859241452992 0.6868055555555556 0.1413261217948719 0.2125
1 0.609642094017094 0.6381944444444444 0.11084401709401696 0.1375
1 0.4738581730769231 0.9291666666666666 0.0997596153846154 0.14166666666666672
1 0.6234975961538461 0.9708333333333334 0.06373530982905976 0.058333333333333286
1 0.2833450186965812 0.9548611111111112 0.15379607371794873 0.09027777777777786
1 0.08659688835470085 0.9597222222222223 0.11777176816239317 0.08055555555555557
