0 0.8347719408378245 0.3049363057324841 0.1254937836844684 0.07165605095541401
0 0.6528853809407152 0.23009554140127392 0.08260350318471353 0.052547770700636924
0 0.46623323432141106 0.22929936305732482 0.04924439612934833 0.057324840764331204
0 0.5353342417932386 0.27229299363057324 0.05083292503674663 0.03184713375796175
0 0.17156112199902007 0.374203821656051 0.050832925036746704 0.04140127388535035
0 0.08101497427731504 0.3598726114649682 0.08260350318471338 0.04777070063694275
0 0.46702749877511024 0.0963375796178344 0.05083292503674663 0.04936305732484077
0 0.5353342417932386 0.05573248407643312 0.038124693777560024 0.044585987261146494
0 0.6552681743018128 0.09952229299363058 0.07783791646251842 0.06528662420382166
1 0.08578056099951002 0.47850318471337583 0.11119702351788337 0.13853503184713375
