0 0.49236111111111114 0.29930555555555555 0.08194444444444443 0.0680555555555555
0 0.3381944444444444 0.38680555555555557 0.06805555555555558 0.05138888888888893
0 0.7173611111111111 0.35555555555555557 0.05694444444444443 0.06944444444444443
0 0.95625 0.3916666666666667 0.06527777777777771 0.07499999999999993
0 0.5833333333333333 0.4319444444444444 0.033333333333333354 0.027777777777777787
1 0.34652777777777777 0.5520833333333335 0.08472222222222228 0.20138888888888892
1 0.46736111111111106 0.6298611111111111 0.14305555555555557 0.3902777777777778
1 0.5888888888888889 0.5479166666666666 0.06666666666666664 0.15694444444444444
1 0.7152777777777777 0.5111111111111112 0.086111111111111 0.20833333333333337
1 0.9451388888888889 0.6229166666666667 0.10972222222222229 0.3069444444444444
